0 1453
8 384
15 9873
27 19382
0 1453
8 384
15 9873
27 19382
0 1453
8 384
15 9873
27 19382
0 1453
8 384
15 9873
27 19382
0 1453
8 384
15 9873
27 19382
0 1453
8 384
15 9873
27 19382
0 1453
8 384
15 9873
27 19382
0 1453
8 384
15 9873
27 19382
0 1453
8 384
15 9873
27 19382
0 1453
8 384
15 9873
27 19382
27 1453
15 384
8 9873
0 19382
27 1453
15 384
8 9873
0 19382
27 1453
15 384
8 9873
0 19382
27 1453
15 384
8 9873
0 19382
27 1453
15 384
8 9873
0 19382
27 1453
15 384
8 9873
0 19382
27 1453
15 384
8 9873
0 19382
27 1453
15 384
8 9873
0 19382
27 1453
15 384
8 9873
0 19382
27 1453
15 384
8 9873
0 19382
27 1453
15 384
8 9873
0 19382
27 1453
15 384
8 9873
0 19382
27 1453
15 384
8 9873
0 19382
27 1453
15 384
8 9873
0 19382
27 1453
15 384
8 9873
0 19382